MultiDiffusion coefficients: 
  6.04405779E-06,  5.08690407E-15,  3.25467800E-15,  3.14959642E-15,  3.20196625E-15,  3.45252799E-15,  3.12341400E-15,  3.09815031E-15,  2.93166224E-15,
  1.01738081E-06,  1.00940671E-05,  5.90066263E-07,  5.81982174E-07,  5.80043071E-07,  6.45639755E-07,  5.77001614E-07,  5.72201816E-07,  5.40917546E-07,
  3.25467800E-15,  2.95033131E-15,  2.40899689E-06,  2.89050143E-15,  2.75178788E-15,  3.02514710E-15,  2.87336212E-15,  2.85661987E-15,  2.73675685E-15,
  9.44878927E-07,  8.72973262E-07,  8.67150430E-07,  2.56318800E-06,  8.61811061E-07,  9.75599021E-07,  9.16766623E-07,  9.12743566E-07,  8.84178206E-07,
  3.20196625E-07,  2.90021535E-07,  2.75178788E-07,  2.87270354E-07,  2.62146479E-06,  2.99922218E-07,  2.85602154E-07,  2.83971565E-07,  2.72221065E-07,
  3.45252799E-15,  3.22819877E-15,  3.02514710E-15,  3.25199674E-15,  2.99922218E-15,  2.08849761E-06,  3.19672263E-15,  3.17885566E-15,  3.07926383E-15,
  3.12341400E-15,  2.88500807E-15,  2.87336212E-15,  3.05588874E-15,  2.85602154E-15,  3.19672263E-15,  1.62315558E-06,  3.02939866E-15,  2.93566839E-15,
  3.09815031E-15,  2.86100908E-15,  2.85661987E-15,  3.04247855E-15,  2.83971565E-15,  3.17885566E-15,  3.02939866E-15,  1.60480692E-06,  2.92422505E-15,
  2.93166224E-15,  2.70458773E-15,  2.73675685E-15,  2.94726069E-15,  2.72221065E-15,  3.07926383E-15,  2.93566839E-15,  2.92422505E-15,  1.51904322E-06,
 flux[0] = -0.00000000E+00
 flux[1] = -0.00000000E+00
 flux[2] = -0.00000000E+00
 flux[3] = -0.00000000E+00
 flux[4] = -0.00000000E+00
 flux[5] = -0.00000000E+00
 flux[6] = -0.00000000E+00
 flux[7] = -0.00000000E+00
 flux[8] = -0.00000000E+00
 flux[0] = -6.90966469E-14
 flux[1] = -1.84036214E-05
 flux[2] = -3.65043194E-14
 flux[3] = -9.29059848E-06
 flux[4] = -3.58924094E-06
 flux[5] = -3.54785269E-14
 flux[6] = -3.07335724E-14
 flux[7] = -3.05071277E-14
 flux[8] = -2.92655856E-14
